(148, 174, 225, 251),{'Frustrated': 0, 'Disagree': 0, 'Tense': 0, 'Happy': 0, 'Surprise': 0, 'Neutral': 0, 'show_img': array([[[255, 255,   0],
        [255, 255,   0],
        [255, 255,   0],
        ...,
        [255, 255,   0],
        [255, 255,   0],
        [255, 255,   0]],

       [[255, 255,   0],
        [145, 159, 217],
        [141, 158, 217],
        ...,
        [ 56,  50,  53],
        [ 58,  52,  55],
        [ 56,  50,  53]],

       [[255, 255,   0],
        [145, 162, 219],
        [143, 160, 219],
        ...,
        [ 56,  50,  53],
        [ 56,  50,  53],
        [ 56,  50,  53]],

       ...,

       [[255, 255,   0],
        [117, 131, 197],
        [116, 131, 195],
        ...,
        [ 24,  16,  18],
        [ 24,  16,  18],
        [ 24,  16,  18]],

       [[255, 255,   0],
        [116, 130, 196],
        [118, 133, 197],
        ...,
        [ 24,  16,  18],
        [ 24,  16,  18],
        [ 23,  15,  17]],

       [[255, 255,   0],
        [112, 128, 194],
        [116, 131, 195],
        ...,
        [ 24,  16,  18],
        [ 24,  16,  18],
        [ 23,  15,  17]]], dtype=uint8), 'face_name': 'face0'}
(559, 6, 618, 65),{'Frustrated': 0, 'Disagree': 0, 'Tense': 0, 'Happy': 0, 'Surprise': 0, 'Neutral': 0, 'show_img': array([[[255, 255,   0],
        [255, 255,   0],
        [255, 255,   0],
        ...,
        [255, 255,   0],
        [255, 255,   0],
        [255, 255,   0]],

       [[255, 255,   0],
        [ 57, 175, 208],
        [ 41, 159, 192],
        ...,
        [ 23,  35,  54],
        [ 22,  33,  48],
        [ 22,  33,  48]],

       [[255, 255,   0],
        [ 57, 175, 208],
        [ 30, 148, 181],
        ...,
        [ 23,  35,  54],
        [ 22,  32,  49],
        [ 22,  32,  49]],

       ...,

       [[255, 255,   0],
        [ 97, 149, 170],
        [100, 152, 173],
        ...,
        [ 26,  24,  36],
        [123, 122, 132],
        [186, 185, 195]],

       [[255, 255,   0],
        [104, 156, 177],
        [106, 158, 179],
        ...,
        [132, 130, 142],
        [190, 189, 199],
        [169, 168, 178]],

       [[255, 255,   0],
        [ 91, 118, 139],
        [ 73, 100, 121],
        ...,
        [203, 202, 212],
        [175, 175, 182],
        [175, 175, 182]]], dtype=uint8), 'face_name': 'face1'}
(698, 195, 768, 265),{'Frustrated': 0, 'Disagree': 0, 'Tense': 0, 'Happy': 0, 'Surprise': 0, 'Neutral': 0, 'show_img': array([[[255, 255,   0],
        [255, 255,   0],
        [255, 255,   0],
        ...,
        [255, 255,   0],
        [255, 255,   0],
        [255, 255,   0]],

       [[255, 255,   0],
        [ 46,  45,  47],
        [ 46,  45,  47],
        ...,
        [ 12,  22,  34],
        [ 13,  20,  31],
        [ 13,  20,  31]],

       [[255, 255,   0],
        [ 47,  46,  48],
        [ 47,  46,  48],
        ...,
        [ 12,  22,  34],
        [ 13,  20,  31],
        [ 13,  20,  31]],

       ...,

       [[255, 255,   0],
        [ 16,  15,  17],
        [ 18,  14,  17],
        ...,
        [ 22,  19,  13],
        [ 23,  17,  12],
        [ 21,  15,  10]],

       [[255, 255,   0],
        [ 17,  16,  18],
        [ 18,  14,  17],
        ...,
        [ 23,  20,  14],
        [ 24,  18,  13],
        [ 24,  18,  13]],

       [[255, 255,   0],
        [ 16,  15,  17],
        [ 18,  14,  17],
        ...,
        [ 24,  20,  16],
        [ 25,  18,  15],
        [ 25,  18,  15]]], dtype=uint8), 'face_name': 'face2'}
(1165, 220, 1229, 284),{'Frustrated': 0, 'Disagree': 0, 'Tense': 0, 'Happy': 0, 'Surprise': 0, 'Neutral': 0, 'show_img': array([[[255, 255,   0],
        [255, 255,   0],
        [255, 255,   0],
        ...,
        [255, 255,   0],
        [255, 255,   0],
        [255, 255,   0]],

       [[255, 255,   0],
        [ 45,  44,  46],
        [ 46,  45,  47],
        ...,
        [ 71,  83, 102],
        [ 64,  76,  95],
        [ 52,  61,  81]],

       [[255, 255,   0],
        [ 45,  44,  46],
        [ 46,  45,  47],
        ...,
        [ 79,  93, 119],
        [ 74,  88, 114],
        [ 63,  76,  99]],

       ...,

       [[255, 255,   0],
        [ 34,  29,  30],
        [ 34,  29,  30],
        ...,
        [ 68,  80, 106],
        [ 64,  76, 102],
        [ 59,  72,  95]],

       [[255, 255,   0],
        [ 34,  29,  30],
        [ 34,  29,  30],
        ...,
        [ 69,  81, 107],
        [ 64,  76, 102],
        [ 59,  72,  95]],

       [[255, 255,   0],
        [ 34,  29,  30],
        [ 34,  29,  30],
        ...,
        [ 71,  83, 109],
        [ 63,  75, 101],
        [ 60,  73,  96]]], dtype=uint8), 'face_name': 'face3'}
(1013, 212, 1067, 266),{'Frustrated': 0, 'Disagree': 0, 'Tense': 0, 'Happy': 0, 'Surprise': 0, 'Neutral': 0, 'show_img': array([[[255, 255,   0],
        [255, 255,   0],
        [255, 255,   0],
        ...,
        [255, 255,   0],
        [255, 255,   0],
        [255, 255,   0]],

       [[255, 255,   0],
        [ 58,  66,  70],
        [ 58,  66,  70],
        ...,
        [ 61,  88, 136],
        [ 48,  75, 123],
        [ 43,  70, 118]],

       [[255, 255,   0],
        [ 58,  66,  70],
        [ 58,  66,  70],
        ...,
        [ 64,  91, 139],
        [ 50,  77, 125],
        [ 41,  68, 116]],

       ...,

       [[255, 255,   0],
        [ 48,  55,  56],
        [ 48,  55,  56],
        ...,
        [ 41,  33,  48],
        [ 48,  40,  55],
        [ 12,   0,   8]],

       [[255, 255,   0],
        [ 46,  52,  56],
        [ 47,  53,  57],
        ...,
        [ 39,  32,  43],
        [ 60,  53,  64],
        [  2,   0,   0]],

       [[255, 255,   0],
        [ 46,  52,  56],
        [ 46,  52,  56],
        ...,
        [ 49,  42,  53],
        [ 54,  47,  58],
        [  3,   0,   0]]], dtype=uint8), 'face_name': 'face4'}
(425, 75, 492, 142),{'Frustrated': 0, 'Disagree': 0, 'Tense': 0, 'Happy': 0, 'Surprise': 0, 'Neutral': 0, 'show_img': array([[[255, 255,   0],
        [255, 255,   0],
        [255, 255,   0],
        ...,
        [255, 255,   0],
        [255, 255,   0],
        [255, 255,   0]],

       [[255, 255,   0],
        [ 28,  38,  50],
        [ 30,  40,  52],
        ...,
        [ 30,  15,  29],
        [ 30,  15,  29],
        [ 28,  13,  27]],

       [[255, 255,   0],
        [ 28,  38,  50],
        [ 31,  41,  53],
        ...,
        [ 30,  15,  29],
        [ 30,  15,  29],
        [ 28,  13,  27]],

       ...,

       [[255, 255,   0],
        [ 18,  21,  32],
        [  2,   5,  16],
        ...,
        [ 18,  14,  17],
        [ 19,  15,  18],
        [ 19,  15,  18]],

       [[255, 255,   0],
        [ 17,  22,  33],
        [  0,   5,  16],
        ...,
        [ 18,  14,  17],
        [ 19,  15,  18],
        [ 19,  15,  18]],

       [[255, 255,   0],
        [ 18,  23,  34],
        [  0,   1,  12],
        ...,
        [ 18,  14,  17],
        [ 19,  15,  18],
        [ 19,  15,  18]]], dtype=uint8), 'face_name': 'face5'}
(628, 79, 690, 141),{'Frustrated': 0, 'Disagree': 0, 'Tense': 0, 'Happy': 0, 'Surprise': 0, 'Neutral': 0, 'show_img': array([[[255, 255,   0],
        [255, 255,   0],
        [255, 255,   0],
        ...,
        [255, 255,   0],
        [255, 255,   0],
        [255, 255,   0]],

       [[255, 255,   0],
        [ 59,  58,  60],
        [ 54,  56,  63],
        ...,
        [ 25,  21,  31],
        [ 29,  22,  28],
        [ 27,  20,  26]],

       [[255, 255,   0],
        [ 60,  59,  61],
        [ 53,  55,  62],
        ...,
        [ 25,  21,  31],
        [ 28,  21,  27],
        [ 27,  20,  26]],

       ...,

       [[255, 255,   0],
        [ 40,  41,  46],
        [ 42,  43,  48],
        ...,
        [ 29,  28,  38],
        [ 40,  37,  44],
        [ 41,  38,  45]],

       [[255, 255,   0],
        [ 38,  39,  44],
        [ 42,  43,  48],
        ...,
        [ 24,  23,  33],
        [ 38,  35,  42],
        [ 43,  40,  47]],

       [[255, 255,   0],
        [ 37,  38,  43],
        [ 41,  42,  47],
        ...,
        [  3,   4,  14],
        [ 31,  31,  38],
        [ 40,  40,  47]]], dtype=uint8), 'face_name': 'face6'}
(772, 91, 828, 147),{'Frustrated': 0, 'Disagree': 0, 'Tense': 0, 'Happy': 0, 'Surprise': 0, 'Neutral': 0, 'show_img': array([[[255, 255,   0],
        [255, 255,   0],
        [255, 255,   0],
        ...,
        [255, 255,   0],
        [255, 255,   0],
        [255, 255,   0]],

       [[255, 255,   0],
        [ 56,  35,  34],
        [ 54,  33,  32],
        ...,
        [ 26,  34,  51],
        [ 25,  31,  47],
        [ 20,  26,  42]],

       [[255, 255,   0],
        [ 55,  34,  33],
        [ 52,  31,  30],
        ...,
        [ 27,  35,  52],
        [ 26,  32,  48],
        [ 21,  27,  43]],

       ...,

       [[255, 255,   0],
        [ 36,  22,  20],
        [ 36,  22,  20],
        ...,
        [ 30,  34,  43],
        [ 40,  42,  49],
        [ 47,  49,  56]],

       [[255, 255,   0],
        [ 36,  22,  20],
        [ 36,  22,  20],
        ...,
        [ 41,  45,  54],
        [ 42,  44,  51],
        [ 10,  12,  19]],

       [[255, 255,   0],
        [ 36,  22,  20],
        [ 36,  22,  20],
        ...,
        [ 33,  38,  44],
        [  8,  11,  16],
        [  7,  10,  15]]], dtype=uint8), 'face_name': 'face7'}
(952, 90, 1018, 156),{'Frustrated': 0, 'Disagree': 0, 'Tense': 0, 'Happy': 0, 'Surprise': 0, 'Neutral': 0, 'show_img': array([[[255, 255,   0],
        [255, 255,   0],
        [255, 255,   0],
        ...,
        [255, 255,   0],
        [255, 255,   0],
        [255, 255,   0]],

       [[255, 255,   0],
        [ 37,  31,  34],
        [ 37,  31,  34],
        ...,
        [ 26,  31,  49],
        [ 20,  23,  41],
        [ 13,  16,  34]],

       [[255, 255,   0],
        [ 37,  31,  34],
        [ 37,  31,  34],
        ...,
        [ 32,  35,  58],
        [ 24,  26,  47],
        [ 14,  16,  37]],

       ...,

       [[255, 255,   0],
        [110, 117, 118],
        [111, 118, 119],
        ...,
        [ 79,  85,  89],
        [ 70,  73,  78],
        [ 48,  51,  56]],

       [[255, 255,   0],
        [ 99, 108, 109],
        [100, 109, 110],
        ...,
        [ 78,  80,  87],
        [ 75,  81,  85],
        [ 66,  72,  76]],

       [[255, 255,   0],
        [100, 109, 110],
        [102, 111, 112],
        ...,
        [ 77,  79,  86],
        [ 75,  81,  85],
        [ 72,  78,  82]]], dtype=uint8), 'face_name': 'face8'}
(1106, 92, 1169, 155),{'Frustrated': 0, 'Disagree': 0, 'Tense': 0, 'Happy': 0, 'Surprise': 0, 'Neutral': 0, 'show_img': array([[[255, 255,   0],
        [255, 255,   0],
        [255, 255,   0],
        ...,
        [255, 255,   0],
        [255, 255,   0],
        [255, 255,   0]],

       [[255, 255,   0],
        [ 54,  38,  36],
        [ 50,  36,  34],
        ...,
        [ 99,  40,   0],
        [ 98,  39,   0],
        [106,  56,  14]],

       [[255, 255,   0],
        [ 56,  37,  36],
        [ 52,  36,  34],
        ...,
        [ 96,  39,   0],
        [ 96,  39,   0],
        [109,  44,   0]],

       ...,

       [[255, 255,   0],
        [ 42,  53,  61],
        [ 40,  53,  61],
        ...,
        [ 55,  65,  96],
        [ 56,  66,  97],
        [ 55,  65,  96]],

       [[255, 255,   0],
        [ 47,  58,  66],
        [ 45,  58,  66],
        ...,
        [ 55,  65,  96],
        [ 54,  64,  95],
        [ 56,  66,  97]],

       [[255, 255,   0],
        [ 49,  61,  71],
        [ 44,  59,  68],
        ...,
        [ 57,  66,  94],
        [ 57,  66,  94],
        [ 61,  70,  98]]], dtype=uint8), 'face_name': 'face9'}
(65, 95, 130, 160),{'Frustrated': 0, 'Disagree': 0, 'Tense': 0, 'Happy': 0, 'Surprise': 0, 'Neutral': 0, 'show_img': array([[[255, 255,   0],
        [255, 255,   0],
        [255, 255,   0],
        ...,
        [255, 255,   0],
        [255, 255,   0],
        [255, 255,   0]],

       [[255, 255,   0],
        [ 41,  47,  63],
        [ 43,  49,  65],
        ...,
        [101, 121, 136],
        [  0,   0,  10],
        [ 15,  27,  39]],

       [[255, 255,   0],
        [ 44,  50,  66],
        [ 48,  54,  70],
        ...,
        [ 74,  94, 109],
        [  0,   0,  11],
        [ 19,  31,  43]],

       ...,

       [[255, 255,   0],
        [ 63,  67,  83],
        [ 57,  61,  77],
        ...,
        [ 59,  63,  72],
        [ 55,  60,  71],
        [ 53,  58,  69]],

       [[255, 255,   0],
        [ 52,  55,  68],
        [ 75,  78,  91],
        ...,
        [ 53,  60,  71],
        [ 51,  58,  71],
        [ 51,  58,  71]],

       [[255, 255,   0],
        [  9,  12,  25],
        [ 73,  76,  89],
        ...,
        [ 53,  60,  71],
        [ 53,  60,  73],
        [ 53,  60,  73]]], dtype=uint8), 'face_name': 'face10'}
(273, 55, 343, 125),{'Frustrated': 0, 'Disagree': 0, 'Tense': 0, 'Happy': 0, 'Surprise': 0, 'Neutral': 0, 'show_img': array([[[255, 255,   0],
        [255, 255,   0],
        [255, 255,   0],
        ...,
        [255, 255,   0],
        [255, 255,   0],
        [255, 255,   0]],

       [[255, 255,   0],
        [ 38,  53,  74],
        [ 41,  56,  77],
        ...,
        [ 28,  21,  27],
        [ 31,  24,  30],
        [ 30,  23,  29]],

       [[255, 255,   0],
        [ 40,  55,  76],
        [ 44,  59,  80],
        ...,
        [ 26,  19,  25],
        [ 28,  21,  27],
        [ 28,  21,  27]],

       ...,

       [[255, 255,   0],
        [134, 158, 214],
        [129, 153, 209],
        ...,
        [ 44,  35,  39],
        [ 44,  35,  39],
        [ 44,  35,  39]],

       [[255, 255,   0],
        [143, 167, 223],
        [133, 157, 213],
        ...,
        [ 44,  35,  39],
        [ 44,  35,  39],
        [ 44,  35,  39]],

       [[255, 255,   0],
        [145, 165, 219],
        [137, 157, 211],
        ...,
        [ 44,  35,  39],
        [ 44,  35,  39],
        [ 44,  35,  39]]], dtype=uint8), 'face_name': 'face11'}
(864, 145, 932, 213),{'Frustrated': 0, 'Disagree': 0, 'Tense': 0, 'Happy': 0, 'Surprise': 0, 'Neutral': 0, 'show_img': array([[[255, 255,   0],
        [255, 255,   0],
        [255, 255,   0],
        ...,
        [255, 255,   0],
        [255, 255,   0],
        [255, 255,   0]],

       [[255, 255,   0],
        [ 35,  22,  31],
        [ 15,   2,  16],
        ...,
        [ 13,  14,  24],
        [ 14,  15,  20],
        [ 14,  15,  20]],

       [[255, 255,   0],
        [ 38,  25,  34],
        [ 16,   3,  17],
        ...,
        [ 13,  14,  24],
        [ 13,  14,  19],
        [ 13,  14,  19]],

       ...,

       [[255, 255,   0],
        [ 59,  44,  40],
        [ 57,  42,  38],
        ...,
        [ 78,  88, 100],
        [136, 142, 151],
        [122, 128, 137]],

       [[255, 255,   0],
        [ 59,  44,  40],
        [ 59,  44,  40],
        ...,
        [  0,  10,  22],
        [100, 106, 115],
        [133, 139, 148]],

       [[255, 255,   0],
        [ 60,  45,  41],
        [ 59,  44,  40],
        ...,
        [  0,   0,  12],
        [ 28,  34,  43],
        [110, 116, 125]]], dtype=uint8), 'face_name': 'face12'}
(310, 142, 380, 212),{'Frustrated': 0, 'Disagree': 0, 'Tense': 0, 'Happy': 0, 'Surprise': 0, 'Neutral': 0, 'show_img': array([[[255, 255,   0],
        [255, 255,   0],
        [255, 255,   0],
        ...,
        [255, 255,   0],
        [255, 255,   0],
        [255, 255,   0]],

       [[255, 255,   0],
        [ 42,  48,  57],
        [ 40,  50,  60],
        ...,
        [ 31,  25,  28],
        [ 31,  25,  28],
        [ 30,  24,  27]],

       [[255, 255,   0],
        [ 41,  48,  61],
        [ 40,  50,  67],
        ...,
        [ 30,  24,  27],
        [ 30,  24,  27],
        [ 30,  24,  27]],

       ...,

       [[255, 255,   0],
        [ 34,  32,  44],
        [ 66,  70,  86],
        ...,
        [ 63,  59,  62],
        [ 63,  59,  62],
        [ 62,  58,  61]],

       [[255, 255,   0],
        [ 34,  29,  41],
        [ 67,  66,  83],
        ...,
        [ 63,  59,  62],
        [ 63,  59,  62],
        [ 63,  59,  62]],

       [[255, 255,   0],
        [ 32,  27,  39],
        [ 64,  63,  80],
        ...,
        [ 62,  58,  61],
        [ 63,  59,  62],
        [ 63,  59,  62]]], dtype=uint8), 'face_name': 'face13'}
(523, 185, 599, 261),{'Frustrated': 0, 'Disagree': 0, 'Tense': 0, 'Happy': 0, 'Surprise': 0, 'Neutral': 0, 'show_img': array([[[255, 255,   0],
        [255, 255,   0],
        [255, 255,   0],
        ...,
        [255, 255,   0],
        [255, 255,   0],
        [255, 255,   0]],

       [[255, 255,   0],
        [ 88, 112, 136],
        [ 96, 120, 144],
        ...,
        [ 44,  50,  59],
        [ 36,  42,  51],
        [ 42,  43,  48]],

       [[255, 255,   0],
        [ 94, 118, 142],
        [100, 124, 148],
        ...,
        [ 46,  52,  61],
        [ 29,  35,  44],
        [ 41,  42,  47]],

       ...,

       [[255, 255,   0],
        [ 53,  33,  25],
        [209, 189, 181],
        ...,
        [ 24,  18,  21],
        [ 27,  21,  24],
        [ 30,  21,  25]],

       [[255, 255,   0],
        [ 33,  13,   5],
        [195, 175, 167],
        ...,
        [ 26,  20,  23],
        [ 27,  21,  24],
        [ 29,  20,  24]],

       [[255, 255,   0],
        [ 38,  17,  11],
        [178, 157, 151],
        ...,
        [ 28,  19,  23],
        [ 28,  19,  23],
        [ 29,  21,  23]]], dtype=uint8), 'face_name': 'face14'}
(530, 260, 604, 334),{'Frustrated': 0, 'Disagree': 0, 'Tense': 0, 'Happy': 0, 'Surprise': 0, 'Neutral': 0, 'show_img': array([[[255, 255,   0],
        [255, 255,   0],
        [255, 255,   0],
        ...,
        [255, 255,   0],
        [255, 255,   0],
        [255, 255,   0]],

       [[255, 255,   0],
        [  0, 255,   0],
        [  0, 255,   0],
        ...,
        [ 27,  21,  24],
        [ 29,  20,  24],
        [ 30,  21,  25]],

       [[255, 255,   0],
        [208, 183, 181],
        [234, 203, 199],
        ...,
        [ 29,  20,  24],
        [ 29,  21,  23],
        [ 29,  21,  23]],

       ...,

       [[255, 255,   0],
        [ 19,   7,   9],
        [ 55,  38,  39],
        ...,
        [161, 134, 137],
        [161, 139, 141],
        [ 84,  62,  64]],

       [[255, 255,   0],
        [ 22,   7,  10],
        [ 57,  37,  39],
        ...,
        [162, 135, 138],
        [167, 145, 147],
        [ 99,  77,  79]],

       [[255, 255,   0],
        [ 22,   7,  10],
        [ 56,  36,  38],
        ...,
        [162, 135, 138],
        [168, 146, 148],
        [108,  86,  88]]], dtype=uint8), 'face_name': 'face15'}
(1216, 52, 1277, 113),{'Frustrated': 0, 'Disagree': 0, 'Tense': 0, 'Happy': 0, 'Surprise': 0, 'Neutral': 0, 'show_img': array([[[255, 255,   0],
        [255, 255,   0],
        [255, 255,   0],
        ...,
        [255, 255,   0],
        [255, 255,   0],
        [255, 255,   0]],

       [[255, 255,   0],
        [ 28,  51,  77],
        [ 30,  53,  79],
        ...,
        [ 80,  96, 142],
        [ 78,  94, 140],
        [ 74,  90, 136]],

       [[255, 255,   0],
        [ 38,  61,  82],
        [ 59,  81, 105],
        ...,
        [ 80,  96, 142],
        [ 78,  94, 140],
        [ 75,  91, 137]],

       ...,

       [[255, 255,   0],
        [134,  88,  36],
        [110,  58,   1],
        ...,
        [  5,  23,  37],
        [  5,  23,  37],
        [ 25,  43,  57]],

       [[255, 255,   0],
        [ 86,  40,   0],
        [ 85,  33,   0],
        ...,
        [ 41,  59,  73],
        [ 44,  62,  76],
        [ 45,  63,  77]],

       [[255, 255,   0],
        [ 94,  43,   0],
        [ 96,  43,   0],
        ...,
        [ 72,  87,  98],
        [ 88, 103, 114],
        [ 77,  96, 105]]], dtype=uint8), 'face_name': 'face16'}
(355, 4, 407, 56),{'Frustrated': 0, 'Disagree': 0, 'Tense': 0, 'Happy': 0, 'Surprise': 0, 'Neutral': 0, 'show_img': array([[[255, 255,   0],
        [255, 255,   0],
        [255, 255,   0],
        ...,
        [255, 255,   0],
        [255, 255,   0],
        [255, 255,   0]],

       [[255, 255,   0],
        [ 59, 139, 170],
        [ 59, 139, 170],
        ...,
        [ 27,  38,  66],
        [ 27,  38,  66],
        [ 26,  37,  65]],

       [[255, 255,   0],
        [ 53, 138, 168],
        [ 62, 147, 177],
        ...,
        [ 27,  38,  66],
        [ 27,  38,  66],
        [ 26,  37,  65]],

       ...,

       [[255, 255,   0],
        [ 36,  24,  36],
        [ 38,  26,  38],
        ...,
        [ 14,  24,  28],
        [ 15,  25,  29],
        [ 18,  28,  32]],

       [[255, 255,   0],
        [ 34,  27,  33],
        [ 36,  29,  35],
        ...,
        [ 15,  25,  29],
        [ 15,  25,  29],
        [ 16,  25,  31]],

       [[255, 255,   0],
        [ 35,  28,  34],
        [ 36,  29,  35],
        ...,
        [ 16,  26,  30],
        [ 16,  26,  30],
        [ 16,  25,  31]]], dtype=uint8), 'face_name': 'face17'}
(1032, 161, 1103, 232),{'Frustrated': 0, 'Disagree': 0, 'Tense': 0, 'Happy': 0, 'Surprise': 0, 'Neutral': 0, 'show_img': array([[[255, 255,   0],
        [255, 255,   0],
        [255, 255,   0],
        ...,
        [255, 255,   0],
        [255, 255,   0],
        [255, 255,   0]],

       [[255, 255,   0],
        [ 69,  80,  81],
        [ 71,  82,  83],
        ...,
        [ 64,  85, 111],
        [ 62,  83, 109],
        [ 66,  85, 110]],

       [[255, 255,   0],
        [ 85,  96,  97],
        [ 89, 100, 101],
        ...,
        [ 68,  89, 115],
        [ 63,  84, 110],
        [ 68,  87, 112]],

       ...,

       [[255, 255,   0],
        [109, 128, 185],
        [110, 128, 182],
        ...,
        [ 44,  64, 105],
        [ 43,  63, 104],
        [ 41,  64, 104]],

       [[255, 255,   0],
        [ 80, 101, 153],
        [ 97, 116, 168],
        ...,
        [ 41,  63,  99],
        [ 41,  63,  99],
        [ 41,  61, 102]],

       [[255, 255,   0],
        [ 67,  88, 140],
        [ 97, 116, 168],
        ...,
        [ 40,  62,  98],
        [ 41,  63,  99],
        [ 43,  63, 104]]], dtype=uint8), 'face_name': 'face18'}
(909, 83, 964, 138),{'Frustrated': 0, 'Disagree': 0, 'Tense': 0, 'Happy': 0, 'Surprise': 0, 'Neutral': 0, 'show_img': array([[[255, 255,   0],
        [255, 255,   0],
        [255, 255,   0],
        ...,
        [255, 255,   0],
        [255, 255,   0],
        [255, 255,   0]],

       [[255, 255,   0],
        [190, 195, 208],
        [187, 192, 205],
        ...,
        [ 42,  62, 103],
        [ 44,  62,  98],
        [ 42,  60,  96]],

       [[255, 255,   0],
        [187, 192, 205],
        [186, 191, 204],
        ...,
        [ 43,  63, 104],
        [ 45,  63,  99],
        [ 42,  60,  96]],

       ...,

       [[255, 255,   0],
        [ 41,  52,  75],
        [ 34,  45,  68],
        ...,
        [ 43,  56,  91],
        [ 41,  52,  85],
        [ 40,  51,  84]],

       [[255, 255,   0],
        [ 48,  61,  96],
        [ 43,  56,  91],
        ...,
        [ 40,  52,  83],
        [ 41,  51,  82],
        [ 38,  48,  79]],

       [[255, 255,   0],
        [ 57,  70, 105],
        [ 53,  66, 101],
        ...,
        [ 39,  51,  82],
        [ 39,  49,  80],
        [ 35,  45,  76]]], dtype=uint8), 'face_name': 'face19'}
(701, 1, 748, 48),{'Frustrated': 0, 'Disagree': 0, 'Tense': 0, 'Happy': 0, 'Surprise': 0, 'Neutral': 0, 'show_img': array([[[255, 255,   0],
        [255, 255,   0],
        [255, 255,   0],
        ...,
        [255, 255,   0],
        [255, 255,   0],
        [255, 255,   0]],

       [[255, 255,   0],
        [ 18,  33,  68],
        [ 65,  80, 115],
        ...,
        [ 30,  48,  75],
        [ 30,  46,  73],
        [ 30,  46,  73]],

       [[255, 255,   0],
        [ 30,  45,  80],
        [ 64,  79, 114],
        ...,
        [ 30,  48,  75],
        [ 30,  46,  73],
        [ 30,  46,  73]],

       ...,

       [[255, 255,   0],
        [ 64,  62,  81],
        [  4,   2,  21],
        ...,
        [ 32,  41,  61],
        [ 31,  40,  60],
        [ 31,  40,  60]],

       [[255, 255,   0],
        [ 17,  15,  34],
        [ 19,  17,  36],
        ...,
        [ 30,  39,  59],
        [ 29,  38,  58],
        [ 29,  38,  58]],

       [[255, 255,   0],
        [  5,   3,  22],
        [ 59,  57,  76],
        ...,
        [ 29,  38,  58],
        [ 28,  37,  57],
        [ 26,  35,  55]]], dtype=uint8), 'face_name': 'face20'}
